-0.002,47789
-0.001,47229
-0.003,45479
-0.004,43986
-0.005,42215
-0.006,40371
-0.007,38276
-0.008,36441
-0.009,34828
-0.01,32957
-0.011,30898
-0.012,29566
-0.013,27928
-0.014,26604
-0.015,24816
-0.016,23690
-0.017,22401
0.0,22144
-0.018,21279
-0.019,20233
-0.02,19180
-0.021,17955
-0.022,16722
-0.023,15931
-0.024,15199
-0.025,14314
-0.026,13649
-0.027,12929
-0.028,12124
-0.029,11472
-0.03,10801
-0.031,10277
-0.032,9537
-0.033,8979
-0.034,8618
-0.035,8143
-0.036,7747
-0.037,7122
-0.038,6789
-0.039,6387
-0.04,5945
-0.041,5615
-0.042,5325
-0.043,5137
-0.044,5042
-0.045,4486
-0.046,4284
-0.047,3989
-0.048,3829
-0.049,3554
-0.05,3458
-0.051,3210
-0.052,3085
-0.053,2747
-0.054,2701
-0.055,2490
-0.056,2408
-0.057,2253
-0.058,2160
-0.059,1986
-0.06,1956
-0.061,1773
-0.062,1695
-0.064,1578
-0.063,1499
-0.065,1448
-0.066,1321
-0.068,1221
-0.067,1211
-0.069,1086
-0.07,1064
-0.071,948
-0.072,919
-0.074,865
-0.073,847
-0.075,769
-0.076,769
-0.077,678
-0.078,656
-0.079,613
-0.08,605
-0.081,590
-0.082,552
-0.083,507
-0.084,484
-0.085,408
-0.086,401
-0.088,381
-0.087,368
-0.089,364
-0.09,349
-0.091,315
-0.093,293
-0.094,282
-0.092,280
-0.095,256
-0.096,240
-0.097,235
-0.098,202
-0.099,201
-0.101,176
-0.104,163
-0.1,162
-0.102,142
-0.103,137
-0.106,129
-0.107,115
-0.108,112
-0.105,106
-0.11,102
-0.109,98
-0.112,90
-0.111,86
-0.113,80
-0.114,80
-0.115,69
-0.121,65
-0.12,65
-0.116,64
-0.118,58
-0.122,57
-0.117,54
-0.119,51
-0.125,48
-0.128,42
-0.124,41
-0.123,38
-0.126,37
-0.127,35
-0.129,33
-0.132,33
-0.131,31
-0.133,26
-0.13,25
-0.136,21
-0.138,21
-0.139,20
-0.134,20
-0.137,20
-0.141,19
-0.135,18
-0.142,16
-0.143,14
-0.152,14
-0.147,13
-0.14,13
-0.148,12
-0.145,11
-0.158,11
-0.144,11
-0.151,10
-0.149,9
-0.156,9
-0.15,9
-0.157,8
-0.155,8
-0.161,7
-0.146,7
-0.159,6
-0.169,6
-0.154,5
-0.168,5
-0.174,4
-0.164,4
-0.17,3
-0.171,3
-0.188,3
-0.191,3
-0.172,3
-0.16,3
-0.165,3
-0.18,3
-0.166,3
-0.175,2
-0.163,2
-0.183,2
-0.192,2
-0.162,2
-0.181,1
-0.198,1
-0.178,1
-0.197,1
-0.19,1
-0.239,1
-0.153,1
-0.187,1
-0.185,1
-0.184,1
-0.226,1
-0.173,1
-0.254,1
-0.205,1
-0.231,1
-0.219,1
-0.257,1
-0.196,1
-0.23,1
-0.22,1
-0.247,1
-0.167,1
-0.201,1
-0.209,1
