0.0,748231
-0.001,38302
-0.002,25886
-0.003,20019
-0.004,16639
-0.005,14191
-0.006,12275
-0.007,10789
-0.008,9555
-0.009,8661
-0.01,7745
-0.011,6964
-0.012,6366
-0.013,5834
-0.014,5375
-0.015,4692
-0.016,4246
-0.017,3936
-0.018,3701
-0.019,3451
-0.02,3126
-0.021,2873
-0.022,2603
-0.023,2396
-0.024,2226
-0.025,2111
-0.026,1901
-0.027,1802
-0.028,1654
-0.029,1534
-0.03,1409
-0.031,1350
-0.032,1198
-0.033,1150
-0.034,1031
-0.035,1023
-0.036,905
-0.037,837
-0.038,833
-0.039,748
-0.04,665
-0.041,623
-0.042,592
-0.044,522
-0.043,515
-0.045,469
-0.046,437
-0.047,408
-0.049,392
-0.048,381
-0.05,367
-0.051,352
-0.052,333
-0.053,297
-0.056,263
-0.055,256
-0.054,243
-0.057,197
-0.058,196
-0.059,187
-0.062,177
-0.061,164
-0.06,158
-0.063,121
-0.065,121
-0.064,117
-0.066,113
-0.071,107
-0.067,105
-0.07,95
-0.068,93
-0.069,85
-0.074,82
-0.073,77
-0.075,75
-0.077,67
-0.072,65
-0.078,55
-0.076,54
-0.082,49
-0.079,48
-0.083,46
-0.081,42
-0.084,42
-0.085,31
-0.08,31
-0.087,31
-0.088,30
-0.09,28
-0.086,27
-0.091,23
-0.092,23
-0.095,20
-0.089,20
-0.093,19
-0.096,19
-0.098,18
-0.094,17
-0.101,15
-0.103,13
-0.1,13
-0.102,13
-0.099,11
-0.097,11
-0.109,10
-0.115,9
-0.105,9
-0.104,9
-0.11,9
-0.119,8
-0.107,8
-0.106,7
-0.113,7
-0.122,7
-0.126,6
-0.108,6
-0.116,6
-0.13,5
-0.121,5
-0.112,4
-0.118,4
-0.111,4
-0.12,3
-0.114,3
-0.123,3
-0.125,2
-0.127,2
-0.137,2
-0.146,2
-0.129,2
-0.136,2
-0.128,2
-0.132,2
-0.194,1
-0.134,1
-0.133,1
-0.177,1
-0.15,1
-0.117,1
-0.158,1
-0.145,1
-0.156,1
-0.152,1
-0.124,1
-0.154,1
-0.143,1
-0.149,1
-0.169,1
-0.138,1
-0.14,1
-0.139,1
