0.0,77211
-0.001,71494
-0.002,61499
-0.003,55213
-0.004,50197
-0.005,46104
-0.006,42739
-0.007,39124
-0.008,36142
-0.009,33806
-0.01,31368
-0.011,29137
-0.012,27061
-0.013,25312
-0.014,23442
-0.015,21789
-0.016,20874
-0.017,19327
-0.018,17909
-0.019,16881
-0.02,15673
-0.021,14628
-0.022,13605
-0.023,12760
-0.024,11893
-0.025,11344
-0.026,10782
-0.027,10240
-0.028,9211
-0.029,9069
-0.03,8312
-0.031,7705
-0.032,7100
-0.033,6774
-0.034,6359
-0.035,6002
-0.036,5594
-0.037,5225
-0.038,4920
-0.039,4579
-0.04,4304
-0.041,4174
-0.042,3827
-0.043,3569
-0.044,3400
-0.045,3188
-0.046,2941
-0.047,2786
-0.048,2565
-0.049,2499
-0.05,2321
-0.051,2229
-0.052,1999
-0.053,1926
-0.054,1793
-0.055,1584
-0.056,1532
-0.057,1475
-0.058,1474
-0.059,1357
-0.06,1242
-0.061,1160
-0.062,1119
-0.063,1048
-0.064,977
-0.065,908
-0.066,878
-0.067,805
-0.068,800
-0.069,725
-0.07,662
-0.072,614
-0.071,588
-0.073,565
-0.074,515
-0.075,479
-0.076,456
-0.077,438
-0.078,396
-0.081,345
-0.079,342
-0.08,327
-0.084,301
-0.083,299
-0.082,296
-0.085,273
-0.086,243
-0.087,239
-0.088,217
-0.089,206
-0.091,201
-0.09,182
-0.092,179
-0.093,153
-0.094,148
-0.095,138
-0.096,138
-0.1,117
-0.098,116
-0.104,107
-0.097,107
-0.099,96
-0.101,93
-0.102,80
-0.108,76
-0.103,74
-0.109,69
-0.107,69
-0.105,68
-0.106,65
-0.111,63
-0.11,58
-0.113,46
-0.119,40
-0.112,39
-0.127,37
-0.114,37
-0.115,35
-0.117,33
-0.118,30
-0.121,29
-0.126,28
-0.116,27
-0.123,27
-0.12,27
-0.128,26
-0.125,23
-0.122,22
-0.134,21
-0.124,19
-0.13,15
-0.137,15
-0.129,14
-0.139,13
-0.136,12
-0.132,11
-0.133,10
-0.138,9
-0.135,9
-0.143,8
-0.144,8
-0.141,8
-0.142,7
-0.146,7
-0.147,7
-0.145,6
-0.148,6
-0.16,5
-0.14,5
-0.131,5
-0.149,5
-0.154,4
-0.158,4
-0.152,4
-0.159,3
-0.15,3
-0.156,3
-0.162,3
-0.151,3
-0.171,2
-0.163,2
-0.157,2
-0.183,2
-0.165,2
-0.172,2
-0.168,2
-0.185,2
-0.155,2
-0.199,1
-0.181,1
-0.184,1
-0.201,1
-0.198,1
-0.166,1
-0.186,1
-0.178,1
-0.175,1
-0.179,1
-0.153,1
-0.197,1
-0.161,1
-0.17,1
-0.167,1
-0.236,1
-0.2,1
