0.0,553984
-0.001,121840
-0.002,61978
-0.003,41989
-0.004,31288
-0.005,24358
-0.006,19886
-0.007,16621
-0.008,14032
-0.009,12020
-0.01,10359
-0.011,9034
-0.012,7993
-0.013,7085
-0.014,6213
-0.015,5510
-0.016,4892
-0.017,4493
-0.018,4009
-0.019,3633
-0.02,3224
-0.021,2925
-0.022,2757
-0.023,2508
-0.024,2144
-0.025,2021
-0.026,1849
-0.027,1729
-0.028,1550
-0.029,1412
-0.03,1276
-0.031,1179
-0.032,1113
-0.033,990
-0.034,934
-0.035,833
-0.036,742
-0.037,702
-0.038,659
-0.039,631
-0.04,562
-0.041,555
-0.042,453
-0.043,437
-0.044,406
-0.045,366
-0.046,341
-0.047,331
-0.048,308
-0.049,273
-0.051,233
-0.05,233
-0.054,204
-0.053,202
-0.052,202
-0.055,172
-0.057,171
-0.056,158
-0.06,145
-0.059,144
-0.058,117
-0.061,112
-0.063,107
-0.062,94
-0.064,89
-0.066,84
-0.065,72
-0.069,71
-0.068,70
-0.067,68
-0.07,59
-0.071,46
-0.072,46
-0.075,45
-0.073,45
-0.074,42
-0.076,38
-0.08,35
-0.082,32
-0.077,29
-0.081,25
-0.083,25
-0.087,24
-0.084,23
-0.078,22
-0.079,21
-0.086,18
-0.09,16
-0.094,15
-0.092,15
-0.088,14
-0.091,14
-0.098,14
-0.089,14
-0.085,12
-0.097,10
-0.101,8
-0.111,8
-0.093,8
-0.096,8
-0.105,7
-0.108,6
-0.095,6
-0.103,5
-0.107,5
-0.1,5
-0.099,5
-0.116,4
-0.11,3
-0.113,3
-0.127,3
-0.14,3
-0.115,3
-0.117,2
-0.13,2
-0.114,2
-0.109,2
-0.102,2
-0.118,2
-0.154,2
-0.126,2
-0.12,2
-0.119,2
-0.123,2
-0.106,2
-0.112,2
-0.141,1
-0.125,1
-0.124,1
-0.129,1
-0.121,1
-0.15,1
-0.259,1
-0.146,1
-0.131,1
-0.136,1
